# this is a fully one-hot encoding for every single questions
# this is not correct because many answers have dependencies
kgni
1,0,0,0,0;0,1,0,0,0;0,0,1,0,0;0,0,0,1,0;0,0,0,0,1
vtec
1,0,0,0,0;0,1,0,0,0;0,0,1,0,0;0,0,0,1,0;0,0,0,0,1
1sbu
1,0,0,0,0,0;0,1,0,0,0,0;0,0,1,0,0,0;0,0,0,1,0,0;0,0,0,0,1,0;0,0,0,0,0,1
chca
1,0,0,0,0;0,1,0,0,0;0,0,1,0,0;0,0,0,1,0;0,0,0,0,1
i128
1,0,0,0,0;0,1,0,0,0;0,0,1,0,0;0,0,0,1,0;0,0,0,0,1
kg9c
1,0,0,0;0,1,0,0;0,0,1,0;0,0,0,1
0j7f
1,0,0;0,1,0;0,0,1
e2eb
1,0,0,0,0,0,0,0,0;0,1,0,0,0,0,0,0,0;0,0,1,0,0,0,0,0,0;0,0,0,1,0,0,0,0,0;0,0,0,0,1,0,0,0,0;0,0,0,0,0,1,0,0,0;0,0,0,0,0,0,1,0,0;0,0,0,0,0,0,0,1,0;0,0,0,0,0,0,0,0,1
sufo
1,0;0,1
z46t
1,0,0;0,1,0;0,0,1
1vun
1,0,0,0,0,0;0,1,0,0,0,0;0,0,1,0,0,0;0,0,0,1,0,0;0,0,0,0,1,0;0,0,0,0,0,1
lx0n
1,0,0,0,0;0,1,0,0,0;0,0,1,0,0;0,0,0,1,0;0,0,0,0,1
7ih5
1,0,0,0,0,0,0,0;0,1,0,0,0,0,0,0;0,0,1,0,0,0,0,0;0,0,0,1,0,0,0,0;0,0,0,0,1,0,0,0;0,0,0,0,0,1,0,0;0,0,0,0,0,0,1,0;0,0,0,0,0,0,0,1
gg0w
1,0,0;0,1,0;0,0,1
5alp
1,0,0,0,0;0,1,0,0,0;0,0,1,0,0;0,0,0,1,0;0,0,0,0,1
y3bm
1,0,0,0,0;0,1,0,0,0;0,0,1,0,0;0,0,0,1,0;0,0,0,0,1
au35
1,0,0,0,0,0,0,0;0,1,0,0,0,0,0,0;0,0,1,0,0,0,0,0;0,0,0,1,0,0,0,0;0,0,0,0,1,0,0,0;0,0,0,0,0,1,0,0;0,0,0,0,0,0,1,0;0,0,0,0,0,0,0,1